0
1
2
3
1
4
5
6
5
1
7
1
8
1
9
1
10
1
11
12
1
13
12
1
14
12
1
15
12
1
16
1
17
1
18
1
19
1
20
1
21
1
22
1
23
5
1
24
1
25
1
26
1
19
1
27
12
1
28
1
29
1
30
1
31
1
32
1
33
1
34
1
35
1
36
1
37
1
38
1
39
1
14
5
1
40
1
11
1
17
1
41
1
42
1
43
1
44
1
45
1
28
1
46
1
47
12
1
17
1
28
1
29
1
48
1
49
1
50
1
51
1
52
1
32
1
25
5
1
53
1
54
1
55
1
56
1
29
1
30
1
57
1
58
1
59
1
25
1
60
1
22
12
1
61
1
62
1
63
64
1
65
1
66
1
67
1
34
1
68
1
69
5
1
53
1
70
1
71
12
1
72
12
1
73
12
1
74
12
1
75
1
71
12
1
76
12
1
77
1
78
12
1
79
1
78
12
1
80
12
1
81
12
1
17
1
82
1
16
1
83
1
84
5
1
85
1
86
1
87
1
31
1
32
1
88
1
89
1
90
1
83
1
89
1
91
1
50
1
92
12
1
17
1
29
1
93
1
94
1
95
1
96
1
97
1
98
1
99
5
1
53
1
100
1
101
1
35
1
102
1
103
1
104
12
1
105
1
35
1
106
1
83
1
107
1
108
12
1
105
1
35
1
109
1
110
1
111
12
1
17
1
112
1
113
1
114
1
19
1
115
1
116
12
1
83
1
117
1
118
1
56
1
119
1
120
5
1
121
1
122
123
1
124
12
1
63
64
1
125
1
37
1
126
1
127
1
128
12
1
129
1
130
1
37
1
126
1
131
12
1
3
64
1
125
1
37
1
126
1
132
12
1
21
64
1
125
1
37
1
126
1
133
12
1
3
1
125
1
37
1
126
134
134
135
134
136
134
137
134
134
138
139
1
140
141
142
1
143
144
141
145
1
146
147
1
148
1
149
141
150
1
151
5
2
5
63
63
5
64
152
5
64
153
1
154
1
155
123
1
156
1
157
1
158
1
159
1
160
160
161
138
162
1
64
63
1
64
152
153
1
64
163
164
164
1
165
1
166
1
167
123
1
168
1
169
5
1
170
1
59
1
171
5
1
172
123
1
173
1
75
1
156
1
174
1
175
1
160
160
161
138
176
1
64
164
1
63
64
64
152
153
5
1
177
123
1
178
1
156
1
179
1
19
1
180
1
75
1
181
1
182
1
39
1
183
1
83
1
184
1
185
1
9
1
186
1
3
5
64
187
1
188
1
189
1
190
1
191
1
192
1
193
1
17
1
194
1
195
1
196
5
1
197
123
1
85
1
198
1
19
1
199
1
200
1
201
1
34
1
180
1
202
1
203
1
204
1
205
1
206
5
1
207
1
29
1
30
1
208
1
209
1
210
1
19
1
180
1
202
1
211
1
204
1
169
5
1
85
1
202
1
212
1
213
1
29
1
206
5
1
207
1
87
1
214
1
215
1
216
1
201
1
34
1
180
1
217
1
203
1
204
1
218
1
29
1
219
5
1
85
1
198
1
19
1
200
1
201
1
34
1
180
1
217
1
211
1
204
1
17
1
217
1
220
1
204
1
205
1
219
5
1
221
123
1
21
5
1
222
1
223
1
224
1
225
1
226
1
227
1
228
1
229
1
230
1
143
231
1
232
1
233
1
234
147
5
1
227
1
235
1
236
1
237
1
238
1
228
1
229
1
230
1
225
1
239
1
240
1
241
1
242
1
227
1
243
1
244
1
238
1
160
160
161
138
176
1
64
164
1
63
64
64
152
153
1
245
1
231
1
246
1
247
5
1
248
1
249
1
250
1
197
1
251
1
252
1
253
1
254
1
255
5
1
63
5
1
256
1
257
1
226
1
258
1
238
1
259
1
225
1
236
1
228
1
260
1
230
1
236
1
228
1
261
1
230
5
1
262
5
1
263
1
264
1
265
1
238
1
258
1
238
1
225
1
226
1
266
1
229
1
230
1
236
1
266
1
260
1
230
5
1
164
5
1
267
1
266
1
268
1
269
5
1
270
1
271
1
272
1
87
1
273
1
56
1
274
1
205
1
275
1
25
276
277
1
278
143
279
147
1
17
1
280
1
9
1
180
1
281
1
282
1
283
1
284
5
1
285
1
238
1
221
123
1